rango_param <- structure(
  list(id_parametro = c(2036L, 2005L, 2190L, 2238L, 2145L, 2040L, 2214L, 2214L,
                        2044L, 2048L, 2046L, 2095L, 301L, 2006L, 2000L, 2113L,
                        2114L, 2008L, 2009L, 2054L, 2056L, 2052L, 2218L, 2195L,
                        2220L, 2010L, 2117L, 2196L, 2197L, 2198L, 2115L, 2060L,
                        2001L, 300L, 2183L, 2200L, 2066L, 2076L, 2204L, 2062L,
                        2064L, 2031L, 2082L, 2090L, 2091L, 2070L, 2101L, 2099L,
                        2102L, 2103L, 2017L, 2074L, 2144L, 2018L, 2097L, 2192L,
                        2193L, 2194L, 2098L, 2233L, 2105L, 2020L, 2021L, 2022L,
                        2236L, 2237L, 2078L, 2108L, 2104L, 2025L, 2026L, 2027L,
                        2028L, 302L, 303L, 2029L, 2030L, 2226L, 2032L, 2111L,
                        2217L, 2034L, 2035L, 2088L),
       id_matriz = c(6L, 6L, 6L, 6L, 6L, 6L, 6L, 6L, 6L, 6L, 6L, 6L, 6L, 6L, 6L,
                     6L, 6L, 6L, 6L, 6L, 6L, 6L, 6L, 6L, 6L, 6L, 6L, 6L, 6L, 6L,
                     6L, 6L, 6L, 6L, 6L, 6L, 6L, 6L, 6L, 6L, 6L, 6L, 6L, 6L, 6L,
                     6L, 6L, 6L, 6L, 6L, 6L, 6L, 6L, 6L, 6L, 6L, 6L, 6L, 6L, 6L,
                     6L, 6L, 6L, 6L, 6L, 6L, 6L, 6L, 6L, 6L, 6L, 6L, 6L, 6L, 6L,
                     6L, 6L, 6L, 6L, 6L, 6L, 6L, 6L, 6L),
       valor_min = c(0.01, 5, 0, 0.05, 1, 0, 0.01, 0.1, 0, 0.1, 0, 0, -2, 0.1,
                     0, 0, 0, 0, 1, 0, 0, 0.001, 0.1, 0, 0.5, 10, 0.1, 0.001,
                     0.001, 0.001, 0.1, 0.01, 0, -2, 0.05, 0, 0, 0.1, 0, 0.3,
                     0.01, 0.1, 0.5, 0.001, 0.001, 0, 0, 0.01, 0, 0.01, 5, 0,
                     0.01, 6.5, 0.5, 0, 0, 0, 10, 0.01, 0.01, 0, 0, 0, 0.1, 0.1,
                     0, 1, 0.1, 0.5, 0.5, 0.5, 10, 0, 0, 10, 30, 1, 5, 0, 0.1,
                     0, 0, 5e-04),
       valor_max = c(50, 1000, 10, 15, 200, 10, 15, 40, 10, 100, 1, 10, 200,
                     100, 400, 1e+06, 1e+06, 300, 500, 1, 0.1, 10, 100, 10, 500,
                     350, 1e+05, 0.5, 0.5, 0.5, 10000, 30, 100, 200, 15, 10, 3,
                     30, 10, 30, 10, 100, 200, 1, 50, 0.5, 100, 5, 100, 10, 12,
                     10, 10, 8.5, 3000, 10, 10, 10, 1000, 10, 10, 25, 100, 900,
                     100, 100, 1, 50, 30, 1000, 2000, 200, 1000, 100, 100, 1500,
                     1000, 100, 40, 1e+06, 100, 200, 900, 5)),
  row.names = c(NA, -84L),
  class = c("tbl_df", "tbl", "data.frame"),
  comment =
    "Tabla con límites para los parámetros, incluyendo el id_parametro del SIA."
  )

# save(rango_param, file = "data/rango_param.rda")
