rango_param_sitio <- structure(
  list(
    id_sitio = c(
      146L,
      147L,
      148L,
      149L,
      150L,
      151L,
      152L,
      153L,
      154L,
      155L,
      156L,
      157L,
      158L,
      159L,
      160L,
      161L,
      322L,
      323L,
      189L,
      185L,
      186L,
      187L,
      188L,
      190L,
      191L,
      192L,
      193L,
      194L,
      179L,
      180L,
      181L,
      184L,
      248L,
      249L,
      250L,
      251L,
      252L,
      182L,
      183L,
      146L,
      147L,
      148L,
      149L,
      150L,
      151L,
      152L,
      153L,
      154L,
      155L,
      156L,
      157L,
      158L,
      159L,
      160L,
      161L,
      322L,
      323L,
      276L,
      277L,
      278L,
      337L,
      338L,
      162L,
      163L,
      164L,
      165L,
      166L,
      167L,
      168L,
      169L,
      170L,
      171L,
      172L,
      173L,
      174L,
      175L,
      176L,
      51L,
      52L,
      53L,
      54L,
      55L,
      56L,
      57L,
      58L,
      21L,
      24L,
      27L,
      28L,
      30L,
      31L,
      32L,
      34L,
      40L,
      59L,
      60L,
      61L,
      62L,
      63L,
      64L,
      65L,
      42L,
      43L,
      44L,
      45L,
      46L,
      47L,
      25L,
      14L,
      17L,
      18L,
      22L,
      23L,
      26L,
      234L,
      49L,
      50L,
      244L,
      6L,
      7L,
      11L,
      243L,
      245L,
      246L,
      198L,
      199L,
      200L,
      201L,
      202L,
      203L,
      204L,
      205L,
      206L,
      207L,
      208L,
      209L,
      210L,
      211L,
      212L,
      213L,
      214L,
      215L,
      216L,
      217L,
      218L,
      219L,
      220L,
      120L,
      121L,
      122L,
      123L,
      124L,
      125L,
      126L,
      312L,
      313L,
      314L,
      315L,
      345L,
      71L,
      75L,
      76L,
      77L,
      81L,
      88L,
      89L,
      96L,
      106L,
      107L,
      111L,
      112L,
      113L,
      114L,
      115L,
      118L,
      119L,
      178L,
      72L,
      79L,
      108L,
      109L,
      110L,
      116L,
      117L,
      98L,
      99L,
      100L,
      101L,
      102L,
      103L,
      104L,
      105L,
      177L,
      190L,
      72L,
      76L,
      79L,
      146L,
      147L,
      148L,
      149L,
      150L,
      151L,
      152L,
      153L,
      154L,
      155L,
      156L,
      157L,
      158L,
      159L,
      160L,
      161L,
      322L,
      323L,
      179L,
      180L,
      181L,
      182L,
      183L,
      184L,
      185L,
      186L,
      187L,
      188L,
      189L,
      190L,
      191L,
      192L,
      193L,
      194L,
      248L,
      249L,
      250L,
      251L,
      252L,
      198L,
      199L,
      200L,
      201L,
      202L,
      203L,
      204L,
      205L,
      206L,
      207L,
      208L,
      209L,
      210L,
      211L,
      212L,
      213L,
      214L,
      215L,
      216L,
      217L,
      218L,
      219L,
      220L,
      120L,
      121L,
      122L,
      123L,
      124L,
      125L,
      126L,
      312L,
      313L,
      314L,
      315L,
      345L,
      79L,
      109L,
      71L,
      72L,
      75L,
      76L,
      77L,
      81L,
      88L,
      89L,
      96L,
      106L,
      107L,
      108L,
      110L,
      111L,
      112L,
      113L,
      114L,
      115L,
      116L,
      117L,
      118L,
      119L,
      178L,
      98L,
      99L,
      100L,
      101L,
      102L,
      103L,
      104L,
      105L,
      177L,
      71L,
      72L,
      75L,
      76L,
      77L,
      79L,
      81L,
      88L,
      89L,
      96L,
      106L,
      107L,
      108L,
      109L,
      110L,
      111L,
      112L,
      113L,
      114L,
      115L,
      116L,
      117L,
      118L,
      119L,
      120L,
      121L,
      122L,
      123L,
      124L,
      125L,
      126L,
      178L,
      312L,
      313L,
      314L,
      315L,
      345L,
      50L,
      49L,
      276L,
      277L,
      278L,
      337L,
      338L,
      48L,
      42L,
      43L,
      44L,
      45L,
      46L,
      47L,
      51L,
      52L,
      53L,
      54L,
      55L,
      56L,
      57L,
      58L,
      24L,
      27L,
      30L,
      31L,
      34L,
      59L,
      60L,
      61L,
      62L,
      63L,
      64L,
      65L,
      21L,
      25L,
      28L,
      32L,
      40L,
      14L,
      17L,
      18L,
      22L,
      23L,
      26L,
      234L,
      198L,
      199L,
      200L,
      201L,
      202L,
      203L,
      204L,
      205L,
      206L,
      207L,
      208L,
      209L,
      210L,
      211L,
      212L,
      213L,
      214L,
      215L,
      216L,
      217L,
      218L,
      219L,
      220L,
      120L,
      121L,
      122L,
      123L,
      124L,
      125L,
      126L,
      312L,
      313L,
      314L,
      315L,
      345L
    ),