sia_programa_parametro <- 
  structure(list(id = c(122L, 123L, 100177L, 124L, 125L, 126L, 
100242L, 100285L, 100286L, 100287L, 127L, 128L, 129L, 130L, 131L, 
132L, 133L, 134L, 135L, 136L, 137L, 138L, 139L, 141L, 142L, 143L, 
144L, 145L, 146L, 96L, 147L, 100204L, 148L, 100202L, 102L, 149L, 
150L, 100199L, 151L, 152L, 153L, 154L, 155L, 156L, 157L, 158L, 
159L, 160L, 161L, 162L, 163L, 164L, 165L, 100288L, 100289L, 100290L, 
100291L, 100292L, 100293L, 100294L, 100295L, 100296L, 100324L, 
100327L, 100328L, 100329L, 100330L, 100331L, 100332L, 100333L, 
100334L, 140L, 100335L, 100336L, 100337L, 100338L, 100339L, 100340L, 
100341L, 100342L, 100343L, 100344L, 100345L, 100346L, 100347L, 
100348L, 100349L, 100350L, 100351L, 100352L, 100353L, 100354L, 
166L, 179L, 180L, 187L, 188L, 189L, 190L, 191L, 192L, 193L, 194L, 
195L, 196L, 197L, 199L, 202L, 205L, 208L, 167L, 168L, 169L, 170L, 
171L, 100178L, 100179L, 172L, 173L, 105L, 221L, 106L, 107L, 222L, 
108L, 109L, 110L, 111L, 112L, 113L, 114L, 115L, 116L, 117L, 118L, 
119L, 120L, 121L, 174L, 175L, 176L, 177L, 178L, 181L, 182L, 183L, 
184L, 185L, 186L, 198L, 200L, 201L, 73L, 203L, 74L, 204L, 75L, 
76L, 206L, 207L, 209L, 210L, 211L, 212L, 213L, 235L, 236L, 100180L, 
100181L, 100182L, 100243L, 100187L, 100236L, 100244L, 100208L, 
100209L, 100211L, 100218L, 100219L, 100207L, 100221L, 100245L, 
100246L, 100247L, 100248L, 100249L, 100251L, 100252L, 100253L, 
100254L, 100255L, 100256L, 100257L, 100258L, 100259L, 100260L, 
100261L, 100262L, 100263L, 100264L, 100267L, 100268L, 100269L, 
100270L, 100271L, 100272L, 100273L, 100274L, 100275L, 100276L, 
100277L, 100278L, 100279L, 100280L, 100281L, 100282L, 100297L, 
100298L, 100299L, 100300L, 100301L, 100302L, 100303L, 100304L, 
100305L, 100306L, 100307L, 100308L, 100309L, 100310L, 100311L, 
100312L, 100313L, 100314L, 100325L, 100326L, 100355L, 100356L, 
100357L, 100358L, 100359L, 100360L, 100361L, 100362L, 100363L, 
100364L, 100365L, 100366L, 100367L, 100368L, 100369L, 100370L, 
100371L, 100372L, 100373L, 100374L, 100376L, 100380L, 100405L, 
100409L, 100210L, 100239L, 100186L, 100212L, 100188L, 100213L, 
100214L, 100238L, 100215L, 100237L, 100216L, 100240L, 100217L, 
100222L, 100170L, 100193L, 100224L, 100223L, 100195L, 100225L, 
100228L, 100241L, 100185L, 100226L, 100227L, 100231L, 100189L, 
100232L, 100229L, 100230L, 100192L, 100191L, 100233L, 100166L, 
100194L, 100235L, 100234L, 100284L, 100315L, 100316L, 100317L, 
100318L, 100319L, 100320L, 100321L, 100322L, 100323L, 100378L, 
100379L, 100381L, 100382L, 100383L, 100385L, 100386L, 100387L, 
100388L, 100389L, 100390L, 100391L, 100394L, 100395L, 100396L, 
100397L, 100398L, 100399L, 100400L, 100401L, 100404L, 100406L, 
100407L, 100408L, 67L, 77L, 68L, 78L, 69L, 79L, 80L, 100183L, 
81L, 70L, 82L, 71L, 83L, 84L, 85L, 216L, 100206L, 86L, 100205L, 
87L, 100203L, 88L, 100201L, 89L, 90L, 100200L, 91L, 100198L, 
92L, 93L, 94L, 95L, 97L, 98L, 218L, 100197L, 99L, 219L, 100L, 
220L, 100196L, 101L, 103L, 104L, 100410L, 100411L, 100412L, 100413L, 
100414L, 100415L, 100416L, 100417L, 100418L, 100419L, 100420L, 
100421L, 100422L, 100423L, 100424L, 100425L, 100426L, 100427L, 
100428L, 100429L, 100430L, 100431L, 100432L, 100433L, 100434L, 
100435L, 100436L, 100437L, 100438L, 100439L, 100440L, 100441L, 
100442L, 100443L, 100445L, 100446L, 100447L, 100448L, 100449L, 
100450L, 100451L, 100452L, 100453L, 100454L, 100455L, 100456L, 
100457L, 100458L, 100459L, 100460L, 100461L, 100462L, 100463L, 
100465L, 100466L, 100467L, 100468L, 100469L, 100470L, 100471L, 
100472L, 100473L, 100474L, 100475L, 100476L, 100477L, 100478L, 
100479L, 100480L, 100481L, 100482L, 100483L, 100484L, 100485L, 
100486L, 100488L, 100489L, 100490L, 100494L, 100495L, 100496L, 
100503L, 100506L, 100516L, 100517L, 100518L, 100519L, 100520L, 
100522L, 100523L, 100524L, 100525L, 100526L, 100528L, 100530L, 
100533L, 100535L, 100536L, 100543L, 100547L, 100556L, 100557L, 
100558L, 100559L, 100560L, 100562L, 100563L, 100564L, 100565L, 
100566L, 100568L, 100570L, 100571L, 100572L, 100573L, 100574L, 
100575L, 100576L, 100577L, 100578L, 100579L, 100580L, 100581L, 
100582L, 100583L, 100584L, 100585L, 100587L, 100588L, 100589L, 
100590L, 100591L, 100592L, 100593L, 100594L, 100595L, 100596L, 
100597L, 100598L, 100600L, 100601L, 100602L, 100603L, 100604L, 
100605L, 100606L, 100607L, 100608L, 100609L, 100610L, 100611L, 
100612L, 100613L, 100614L, 100615L, 100616L, 100617L, 100618L, 
100619L, 100620L, 100621L, 100622L, 100623L, 100624L, 100625L, 
100626L, 100627L, 100628L, 100629L, 100630L, 100631L, 100632L, 
100633L, 100634L, 100635L, 100636L, 100637L, 100638L, 100639L, 
100640L, 100641L, 100642L, 100643L, 100644L, 100645L, 100646L, 
100647L, 100649L, 100650L, 100651L, 100652L, 100653L, 100654L, 
100655L, 100656L, 100657L, 100658L, 100659L, 100660L, 100661L, 
100662L, 100663L, 100664L, 100665L, 100666L, 100667L, 100668L, 
100670L, 100671L, 100674L, 100675L, 100676L, 100677L, 100680L, 
100681L, 100684L, 100685L, 100686L, 100689L, 100690L, 100691L, 
100692L, 100693L, 100694L, 100696L, 100697L, 100698L, 100699L, 
100700L, 100701L, 100702L, 100703L, 100704L, 100705L, 100706L, 
100707L, 100708L, 100709L, 100710L, 100711L, 100712L, 100713L, 
100714L, 100715L, 100716L, 100717L, 100718L, 100719L, 100720L, 
100721L, 100722L, 100723L, 100724L, 100725L, 100726L, 100727L, 
100728L, 100729L, 100730L, 100731L, 100732L, 100733L, 100734L, 
100735L, 100736L, 100737L, 100738L, 100739L, 100740L, 100741L, 
100742L, 100743L, 100744L, 100745L, 100746L, 100747L, 100748L, 
100749L, 100750L, 100751L, 100752L, 100753L, 100754L, 100755L, 
100756L, 100757L, 100758L, 100759L, 100760L, 100761L, 100762L, 
100763L, 100764L, 100765L, 100766L, 100767L, 100768L, 100769L, 
100770L, 100771L, 100772L, 100773L, 100774L, 100775L, 100776L, 
100777L, 100778L, 100779L, 100780L, 100781L, 100782L, 100783L, 
100784L, 100785L, 100786L, 100787L, 100788L, 100789L, 100790L, 
100791L, 100792L, 100793L, 100794L, 100795L, 100796L, 100797L, 
100798L, 100799L, 100800L, 100801L, 100802L, 100803L, 100804L, 
100805L, 100806L, 100807L, 100808L, 100809L, 100810L, 100811L, 
100812L, 100813L, 100814L, 100815L, 100816L, 100817L, 100818L, 
100819L, 100820L, 100821L, 100822L, 100823L, 100824L, 100825L, 
100826L, 100828L, 100829L, 100830L, 100831L, 100832L, 100833L, 
100834L, 100835L, 100836L, 100837L, 100838L, 100839L, 100840L, 
100841L, 100842L, 100843L, 100844L, 100879L, 100880L, 100881L, 
100882L, 100883L, 100884L, 100885L, 100886L, 100887L, 100888L, 
100889L, 100890L, 100891L, 100892L, 100893L, 100894L, 100895L, 
100896L, 100897L, 100898L, 100899L, 100900L, 100901L, 100902L, 
100903L, 100904L, 100906L, 100907L, 100908L, 100909L, 100910L, 
100911L, 100912L, 100913L, 100914L, 100915L, 100916L, 100917L, 
100918L, 100919L, 100920L, 100921L, 100922L, 100923L, 100924L, 
100925L, 100926L, 100927L, 100928L, 100929L, 100930L, 100931L, 
100932L, 100933L, 100934L, 100936L, 100937L, 100938L, 100939L, 
100940L, 100949L, 100950L, 100951L, 100952L, 100954L, 100955L, 
100956L, 100957L, 100960L, 100961L, 100962L, 100963L, 100964L, 
100965L, 100967L, 100968L, 100969L, 100972L, 100973L, 100974L, 
101017L, 101018L, 101019L, 101020L, 101021L, 101022L, 101023L, 
101024L, 101025L, 101026L, 101027L, 101028L, 101029L, 101030L, 
101031L, 101032L, 101033L, 101034L, 101035L, 101036L, 101037L, 
101038L, 101039L, 101040L, 101041L, 101042L, 101043L, 101044L, 
101045L, 101048L, 101049L, 101050L, 101052L, 101053L, 101054L, 
101057L, 101058L, 101059L, 101060L, 101061L, 101062L, 101063L, 
101064L, 101065L, 101066L, 101067L, 101068L, 101069L, 101070L, 
101071L, 101072L, 101073L, 101074L, 101075L, 101076L, 101077L, 
101078L, 101079L, 101080L, 101081L, 101082L, 101083L, 101084L, 
101085L, 101086L, 101087L, 101088L, 101089L, 101090L, 101091L, 
101092L, 101093L, 101094L, 101095L, 101096L, 101097L, 101098L, 
101099L, 101100L, 101101L, 101102L, 101103L, 101104L, 101105L, 
101106L, 101107L, 101108L, 101109L, 101110L, 101111L, 101112L, 
