sia_estacion <- 
  structure(list(codigo_pto = c("11PI", "08AB", "03LP", "06SF", 
"04SF", "05SF", "04BA", "06CV", "05CA", "03DO", "10EP", "09ES", 
"04IS", "11LP", "02MI", "10NU", "09PP", "08PT", "07PG", "12PN", 
"03PP", "03RS", "07RE", "02RE", "08RB", "02SL", "06SM", "07VS", 
"04ZA", "05ZB", "01MA", "Buceo", "05AD", "05AR", "02BC", "07BC", 
"03CA", "04FE", "08FO", "Honda", "16JI", "02BA", "01BA", "14LB", 
"06LC", "04PE", "03LR", "Miramar", "15MO", "Mulata", "03ON", 
"11PA", "08PA", "13PB", "07PS", "06PV", "06PO", "01SA", "Verde", 
"09BL", "01LA", "01CA", "02LP", "03PJ", "04SC", "07RD", "05LC", 
"02AP", "06CO", "08PM", "09CR", "10LP", "11PV", "12PP", "13PA", 
"14PD", "15PC", "16PS", "17RO", "18PB", "19MC", "20ZA", "21PS", 
"22PV", "23PG", "24PC", "25PB", "26AV", "27CN", "28CO", "29PC", 
"30PH", "31PH", "12EM", "03CP", "04LN", "05GB", "06LP", "07PH", 
"08PS", "09PF", "10PM", "02AC", "11RT", "01RY", "02RY", "03RY", 
"01LC", "02AY", "03PN", "04PT", "02LM", "03LM", "04LM", "05LM", 
"01LM", "01AC", "P. Blancas", "Cerro", "Ramirez", "Pocitos", 
"Malvin", "Carrasco", "01BC", "02KI", "03PA", "01SH", "02PI", 
"03SA", "04AM", "05AB", "06PP", "07LF", "08CA", "01SO", "02HA", 
"05FE", "04FP", "07PA", "09PA", "10PA", "C09", "S1", "S2", "S3", 
"S4", "SJ03", "CO01", "S8", "S9", "SL05", "CA04", "SL04", "C04", 
"CA02", "C06", "SL03", "C08", "C10", "C11", "C12", "F1", "F2", 
"SLC02", "PS01=SLC03", "F5", "L1", "L2", "L3", "L4", "L5", "SL01", 
"S7", "RC10", "RC20", "RC35", "RC40", "RC50", "RC60", "RC3C70", 
"RCYU80", "SJ01", "SJ02", "SJ04", "SJ05", "SL06", "SLC01", "PS03", 
"PS04", "PS02", "SL02", "CA01", "CG01", "CG03", "CG02", "SS1", 
"SS2", "SS3", "SS4", "SS5", "SS6", "SS7", "RN1", "RN15", "RN14", 
"RN13", "RN12", "RN11", "RN10", "RN9", "RN7", "RN6", "RN5", "RN3", 
"RN2", "RN16", "RN17", "RN5F", "RN9F", "RN13F", "QC2", "TA", 
"P1", "P2", "P3", "P4", "APT", "ASA", "AMall", "APA3", "APA2", 
"APA1", "AS2", "AS1", "ARE", "ASN", "ASA2", "Y1", "T3", "T2", 
"T1", "O2", "O1", "C3", "C2", "C1", "C0", "SM2", "SM1", "SL1", 
"Y2", "Y3", "APT1", "RC33", "AV 05", "R6", "R5", "R4", "R3", 
"R2", "R1", "LC1", "LC2", "LC3", "LC4", "LC5", "LC6", "LC7", 
"LC8", "LC9", "LC10", "QC1a", "QC3", "QC5", "RU0", "RU1", "RU1F", 
"RU2", "RU3", "RU3F", "RU4", "RU8", "RU7F", "RU7", "RU6", "RU5F", 
"RU5", "RU9", "RU10", "RU11", "RU12", "RU12F", "RU13", "RU14", 
"RU15", "RU15F", "RU16", "RPC9", "RPC8", "RPC7", "RPC6", "RPC5F", 
"RPC5", "RPC4", "RPC3", "RPC2", "RPC1F", "RPC0F", "RPC1", "RPC0", 
"08 PD", "CU1", "CU3", "TG3", "TCH1", "TCH2", "TG4", "YA1", "CA1", 
"05IS", "06PS", "07CS", "08AS", "RN0", "R7", "R8", "R9", "R10", 
"R11", "MDP1F", "MDP1S", "MDP2F", "MDP2S", "MDP3M", "MDP4F", 
"MDP4S", "MDP5F", "MDP5S", "MDP6F", "MDP6S", "MDP7S", "MDP7F", 
"MDP8S", "R2sed", "R1sed", "R3sed", "LC1sd", "LC3sd", "LC2sd", 
"LC4sd", "R4sed", "R6sed", "R7sed", "G2", "G3", "G1", "UPM 1", 
"UPM 2", "UPM 3", "UPM 4", "R", "NR24", "SFR3", "GR3", "GD", 
"QR4", "QR3", "QD", "R5sed", "G1sed", "G2sed", "G3sed", "RN5s", 
"RN9s", "RN12s", "RN13s", "RN16s", "RN17s", "RU14", "RU10", "RU13", 
"RU2", "RU3", "RU4", "RU6", "RU8", "RU9", "SS3S", "12BM", "SS9", 
"SS10", "SS12", "SS11", "SS8S", "SS7S", "TG2", "TG1", "CU2", 
"JIsed", "JI", "LagAM", "LagAS", "JI1", "JI2", "JI3", "JI4", 
"YI1", "YI2", "YI3", "YI4", "YI5", "YI6", "TCH 0", "TCH11", "13PN", 
"G4", "G5", "10PE", "11PO", "01SLC", "02LDM", "10LM", "AGDS1", 
"AGDN1", "SS6.5", "PS02", "CG03", "CG02", "PS03"), estacion = c("Pilares", 
"Aguas Blancas", "Arroyo La Plata", "Arroyo San Francisco Parque de UTE", 
"Arroyo San Francisco Paso Estanco", "Arroyo San Francisco Puente Otegui", 
"Barrancadas", "Cine Viejo", "Club Artigas", "Detr\u00e1s de OSE", 
"El Pasito", "Espig\u00f3n", "La Isla", "La Playa (Cerro Largo)", 
"Los Michis", "Nueva", "Paso de las Piedras", "Paso de las Toscas", 
"Paso Guerrero", "Playa Nueva", "Playa Park", "El Raviol", "Remanso", 
"Remeros", "R\u00edo Branco", "Santa Luc\u00eda", "Santa Mar\u00eda", 
"Villa Serrana", "Zona A", "Zona B", "Mayea", "Buceo - 05BU", 
"Aguas Dulces", "Artilleros", "Balneario Municipal", "Barra del Chuy", 
"Costa Azul (Rocha)", "Ferrando", "Fomento", "Honda - 07HO", 
"Jos\u00e9 Ignacio", "La Bah\u00eda", "La Balconada", "La Barra", 
"La Coronilla", "La Pedrera", "La Rinconada", "Miramar-11MI", 
"Montoya", "Mulata - 09MU", "Oreja de Negro", "Parada 2", "Parada 24", 
"Parada 6 Brava", "Playa Sur (JL)", "Playa Verde (JL)", "Portezuelo", 
"Real de San Carlos", "Verde - 08VE", "Blancarena", "Lago Andresito", 
"Cantera", "Los Pinos (Salto)", "Parque J. Luis", "Salto Chico", 
"R\u00edo Daym\u00e1n", "Las Cavas", "Arroyo Porongos", "Corralitos", 
"Parque Municipal", "Club Remeros", "Los Pinos", "Parque Varela", 
"Puente de Piedra", "Paso Arballo", "Parque Durieux", "Playa Charr\u00faa", 
"Playa Santa Ana", "Rowin", "Parque Brisas del Plata", "Muelle Conchillas", 
"Zagarzazu", "Playa Sere", "Playa Vieja", "Punta Gorda", "Playa Corbacho", 
"Playa Brisas", "Desembocadura Arroyo las Vacas", "Club Nautico la Paz", 
"Camping Omb\u00faes", "Playa Calabres", "Playa Honda", "Playa Higueritas", 
"El Emir", "Club de Polo", "Lagos del Norte", "Lago Gran Breta\u00f1a", 
"Laguna de Pi\u00f1eiro", "Paso del Horno", "Paso Serpa", "Pedra Furada", 
"Picada de Mora", "Arroyo Corrales", "Rio Tacuarembo", "Rio Yaguaron 1", 
"Rio Yaguaron 2", "Rio Yaguaron 3", "La Calera", "Arroyo Yerbal", 
"Puente Nuevo", "Playa Trampolin", "Muestra2", "Muestra 3", "Muestra 4", 
"Muestra 5", "Muestra 1", "Arroyo Campanero", "Pajas Blancas - 01PB", 
"Cerro - 02CE", "Ram\u00edrez - 03RA", "Pocitos - 04PO", "Malvin - 06MA", 
"Carrasco-10CA", "Boca de Cufr\u00e9", "Kiy\u00fa", "Playa Pascual", 
"Shangrila", "Pinar", "Salinas", "Atl\u00e1ntida Mansa", "Atl\u00e1ntida Brava", 
"Parque del Plata", "La Floresta", "Costa Azul", "Sol\u00eds", 
"Piri\u00e1polis Hotel Argentino", "San Francisco Este", "San Francisco Parking", 
"Parada 31", "Parada 16", "Parada 10", "Punto 9 Canelones", "Toma de agua de OSE, cerca de Picada de Varela y ruta 3 (km 44)", 
"Playa Picada de Varela debajo del puente en ruta 3 (km 43)", 
"Entrada por doble v\u00eda de estaci\u00f3n de AFE hasta corte con r\u00edo San Jos\u00e9, ex descarga de OSE (km 42)", 
"Cercano a Villa Rodr\u00edguez por ruta 11 hacia San Jos\u00e9", 
"(S5) Ruta 45, sobre puente con r\u00edo San Jos\u00e9 (km 11)", 
"(S6) Arroyo Colorado, a pocos metros del r\u00edo Santa Luc\u00eda", 
"Ba\u00f1ado, se ingresa por camino hacia la costa del estuario de la plata", 
"Desembocadura del Arroyo Sarand\u00ed, a metros del r\u00edo Santa Luc\u00eda", 
"(C01) Ruta 11 en el parque de la ciudad de Santa Luc\u00eda (km 55)", 
"(C02) Ruta 11 sobre puente de entrada al Pueblo de Estaci\u00f3n Margat", 
"(C03) Ruta 5 sobre puente r\u00edo Santa Luc\u00eda, pasando ruta 63 hacia el norte (km 80)", 
"Ruta 5 sobre puente Arroyo Canelon Grande, antes de ruta 8 hacia el norte", 
"(C05) Ruta 5 sobre puente Arroyo Canelon Chico, cercano a Canelones hacia el norte", 
"Ruta 5 sobre puente Arroyo Colorado, hacia el oeste cerca de Las Piedras", 
"(C07) Ruta 6 sobre puente r\u00edo Santa Luc\u00eda, en parque a metros de San Ram\u00f3n (km 120)", 
"Ruta 11 sobre puente Arroyo Pando, al oeste de la ruta 7", "Pasando puente sobre arroyo Piedritas en la entrada de Pando", 
"Por ruta 8, a la salida de Pando al norte, cruzando el arroyo Pando", 
"Por ruta interbalnearia hacia el este, sobre puente del arroyo Pando", 
"Carretera hacia Cerro La Macana", "Paso de la Arena, campamento Artigas (km 45)", 
"(F3) Calzada de acceso a Florida (km 36)", "(F4) Aguas arriba de Paso Severino (km 28)", 
"Ruta 76, represa de OSE, Paso Severino (km 12)", "Cruce con ruta 8 y Arroyo Campanero", 
"Cruce de Camino de las Tropas con el r\u00edo Santa Luc\u00eda (km 200)", 
"Aguas abajo del sitio de disposicion final de residuos de Minas", 
"Aguas abajo de la planta de tratamiento de OSE", "Parque de UTE sobre el puente de acceso al parque", 
