sia_sub_cuenca <- 
  structure(list(id = c(20L, 21L, 5L, 7L, 92L, 8L, 37L, 9L, 31L, 
32L, 38L, 10L, 33L, 34L, 11L, 291L, 35L, 36L, 116L, 117L, 12L, 
18L, 13L, 14L, 15L, 16L, 17L, 82L, 163L, 164L, 162L, 227L, 230L, 
189L, 40L, 45L, 231L, 160L, 95L, 161L, 123L, 124L, 125L, 240L, 
279L, 296L, 241L, 91L, 242L, 290L, 49L, 51L, 50L, 52L, 272L, 
273L, 140L, 271L, 27L, 19L, 29L, 22L, 298L, 23L, 24L, 25L, 26L, 
28L, 283L, 48L, 65L, 1L, 3L, 75L, 121L, 41L, 74L, 107L, 72L, 
94L, 42L, 122L, 83L, 43L, 44L, 46L, 47L, 67L, 39L, 66L, 68L, 
145L, 71L, 73L, 96L, 76L, 77L, 110L, 78L, 79L, 80L, 81L, 111L, 
115L, 112L, 101L, 113L, 114L, 118L, 99L, 87L, 100L, 119L, 120L, 
185L, 84L, 201L, 85L, 86L, 89L, 90L, 281L, 292L, 295L, 88L, 93L, 
147L, 148L, 149L, 154L, 141L, 127L, 128L, 130L, 131L, 143L, 132L, 
133L, 144L, 134L, 135L, 136L, 137L, 138L, 139L, 142L, 155L, 156L, 
159L, 4L, 166L, 167L, 165L, 157L, 168L, 205L, 169L, 208L, 209L, 
210L, 193L, 194L, 170L, 171L, 172L, 173L, 186L, 187L, 188L, 235L, 
218L, 222L, 223L, 202L, 203L, 206L, 211L, 197L, 198L, 199L, 233L, 
200L, 191L, 262L, 196L, 207L, 236L, 238L, 232L, 282L, 286L, 266L, 
267L, 237L, 239L, 243L, 244L, 245L, 246L, 247L, 248L, 249L, 250L, 
251L, 225L, 252L, 253L, 254L, 255L, 256L, 257L, 258L, 259L, 226L, 
260L, 146L, 261L, 263L, 264L, 265L, 288L, 228L, 229L, 280L, 234L, 
105L, 106L, 293L, 294L, 108L, 195L, 213L, 216L, 217L, 219L, 220L, 
6L, 221L, 53L, 104L, 297L, 289L, 54L, 60L, 55L, 64L, 190L, 56L, 
177L, 57L, 192L, 214L, 58L, 59L, 61L, 62L, 179L, 63L, 69L, 183L, 
70L, 158L, 174L, 175L, 30L, 176L, 178L, 180L, 181L, 275L, 182L, 
184L, 129L, 268L, 269L, 270L, 274L, 276L, 277L, 278L, 284L, 285L, 
287L, 126L, 150L, 151L, 152L, 97L, 153L, 98L, 102L, 103L, 224L, 
109L, 2L, 212L, 215L, 204L, 299L, 300L, 301L, 302L), sub_cue_nombre = c("R\u00cdO TACUAR\u00cd", 
"R\u00cdO TACUAR\u00cd", "R\u00cdO URUGUAY entre R\u00edo Cuareim y R\u00edo Arapey", 
"R\u00cdO DAYM\u00c1N", "Ao. COLORADO", "R\u00cdO URUGUAY entre R\u00edo Daym\u00e1n y R\u00edo Queguay", 
"R\u00cdO NEGRO entre Ric\u00f3n del Bonete y R\u00edo Y\u00ed", 
"R\u00cdO URUGUAY entre R\u00edo Daym\u00e1n y R\u00edo Queguay", 
"R\u00cdO NEGRO entre R\u00edo Tacuaremb\u00f3 y Ric\u00f3n del Bonete", 
"R\u00cdO NEGRO entre R\u00edo Tacuaremb\u00f3 y Ric\u00f3n del Bonete", 
"R\u00cdO NEGRO entre R\u00edo Y\u00ed y Ric\u00f3n de Palmar", 
"R\u00cdO SAN JUAN", "R\u00cdO NEGRO entre Ric\u00f3n del Bonete y R\u00edo Y\u00ed", 
"R\u00cdO NEGRO entre Ric\u00f3n del Bonete y R\u00edo Y\u00ed", 
"R\u00cdO SAN JUAN", "R\u00cdO SANTA LUC\u00cdA entre Ao. Colorado y R\u00edo de la Plata", 
"R\u00cdO NEGRO entre Ric\u00f3n del Bonete y R\u00edo Y\u00ed", 
"R\u00cdO NEGRO entre Ric\u00f3n del Bonete y R\u00edo Y\u00ed", 
"LAGUNA MER\u00cdN entre R\u00edo Tacuar\u00ed y R\u00edo Cebollat\u00ed", 
"R\u00cdO CEBOLLAT\u00cd", "R\u00cdO SAN JUAN", "Ao. SOL\u00cdS GRANDE", 
"R\u00cdO ROSARIO", "R\u00cdO ROSARIO", "R\u00cdO ROSARIO", 
"R\u00cdO DE LA PLATA entre R\u00edo Rosario y R\u00edo Santa Luc\u00eda", 
"R\u00cdO DE LA PLATA entre R\u00edo Santa Luc\u00eda y Ao. Pando", 
"R\u00cdO SANTA LUC\u00cdA entre R\u00edo S.Luc\u00eda Ch. y Ao. Canel\u00f3n Gde", 
"R\u00cdO SAN JOS\u00c9", "R\u00cdO SAN JOS\u00c9", "R\u00cdO SAN JOS\u00c9", 
"R\u00cdO SANTA LUC\u00cdA hasta R\u00edo Santa Luc\u00eda Chico", 
"R\u00cdO SANTA LUC\u00cdA hasta R\u00edo Santa Luc\u00eda Chico", 
"Ao. CANEL\u00d3N GRANDE", "R\u00cdO NEGRO entre Ric\u00f3n de Palmar y R\u00edo Uruguay", 
"R\u00cdO Y\u00cd", "R\u00cdO SANTA LUC\u00cdA hasta R\u00edo Santa Luc\u00eda Chico", 
"R\u00cdO SANTA LUC\u00cdA CHICO", "R\u00cdO NEGRO entre Ric\u00f3n de Palmar y R\u00edo Uruguay", 
"R\u00cdO SAN JOS\u00c9", "R\u00cdO NEGRO hasta R\u00edo Tacuaremb\u00f3", 
"R\u00cdO NEGRO hasta R\u00edo Tacuaremb\u00f3", "R\u00cdO NEGRO hasta R\u00edo Tacuaremb\u00f3", 
"R\u00cdO TACUAR\u00cd", "LAGUNA MER\u00cdN entre R\u00edo Cebollat\u00ed y Ao. San Miguel", 
"LAGUNA MERIN entre R\u00edo Yaguar\u00f3n y R\u00edo Tacuar\u00ed", 
"R\u00cdO TACUAR\u00cd", "R\u00cdO DE LA PLATA entre Ao. Pando y Ao. Sol\u00eds Gde.", 
"R\u00cdO TACUAR\u00cd", "R\u00cdO SAN JOS\u00c9", "R\u00cdO URUGUAY entre R\u00edo Cuareim y R\u00edo Arapey", 
"R\u00cdO ARAPEY CHICO", "R\u00cdO ARAPEY GRANDE", "R\u00cdO ARAPEY CHICO", 
"R\u00cdO ARAPEY GRANDE", "R\u00cdO ARAPEY GRANDE", "R\u00cdO Y\u00cd", 
"R\u00cdO ARAPEY GRANDE", "R\u00cdO CEBOLLAT\u00cd", "Ao. SOL\u00cdS GRANDE", 
"R\u00cdO CEBOLLAT\u00cd", "R\u00cdO OLIMAR GRANDE", "LAGUNA MER\u00cdN entre R\u00edo Cebollat\u00ed y Ao. San Miguel", 
"R\u00cdO OLIMAR GRANDE", "R\u00cdO OLIMAR GRANDE", "R\u00cdO OLIMAR GRANDE", 
"R\u00cdO CEBOLLAT\u00cd", "R\u00cdO CEBOLLAT\u00cd", "LAGUNA MER\u00cdN entre R\u00edo Cebollat\u00ed y Ao. San Miguel", 
"R\u00cdO ROSARIO", "R\u00cdO SAN JUAN", "OC\u00c9ANO ATL\u00c1TICO hasta Ao. Maldonado", 
"R\u00cdO Y\u00cd\u008d", "R\u00cdO DE LA PLATA entre R\u00edo San Juan y R\u00edo Rosario", 
"LAGUNA MER\u00cdN entre R\u00edo Tacuar\u00ed y R\u00edo Cebollat\u00ed", 
"R\u00cdO SAN JOS\u00c9", "R\u00cdO SAN JUAN", "R\u00cdO CEBOLLAT\u00cd", 
"R\u00cdO SAN JUAN", "LAGUNA MER\u00cdN entre R\u00edo Tacuar\u00ed y R\u00edo Cebollat\u00ed", 
"R\u00cdO SAN JOS\u00c9", "R\u00cdO TACUAR\u00cd", "R\u00cdO SANTA LUC\u00cdA hasta R\u00edo Santa Luc\u00eda Chico", 
"R\u00cdO SANTA LUC\u00cdA hasta R\u00edo Santa Luc\u00eda Chico", 
"R\u00cdO SANTA LUC\u00cdA CHICO", "R\u00cdO SANTA LUC\u00cdA entre R\u00edo S.Luc\u00eda Ch. y Ao. Canel\u00f3n Gde", 
"Ao. CANEL\u00d3N GRANDE", "R\u00cdO SAN JOS\u00c9", "R\u00cdO NEGRO entre Ric\u00f3n de Palmar y R\u00edo Uruguay", 
"R\u00cdO Y\u00cd", "R\u00cdO TACUAREMB\u00d3 (51)", "R\u00cdO DE LA PLATA entre R\u00edo Rosario y R\u00edo Santa Luc\u00eda", 
"R\u00cdO SAN JUAN", "R\u00cdO SAN JUAN", "Ao. SOL\u00cdS GRANDE", 
"R\u00cdO ROSARIO", "R\u00cdO ROSARIO", "LAGUNA MER\u00cdN entre R\u00edo Cebollat\u00ed y Ao. San Miguel", 
"R\u00cdO ROSARIO", "R\u00cdO ROSARIO", "R\u00cdO DE LA PLATA entre R\u00edo Rosario y R\u00edo Santa Luc\u00eda", 
"R\u00cdO DE LA PLATA entre R\u00edo Santa Luc\u00eda y Ao. Pando", 
"R\u00cdO OLIMAR GRANDE", "LAGUNA MER\u00cdN entre R\u00edo Tacuar\u00ed y R\u00edo Cebollat\u00ed", 
"R\u00cdO CEBOLLAT\u00cd", "R\u00cdO DE LA PLATA entre Ao. Pando y Ao. Sol\u00eds Gde.", 
"R\u00cdO CEBOLLAT\u00cd", "LAGUNA MER\u00cdN entre R\u00edo Cebollat\u00ed y Ao. San Miguel", 
"R\u00cdO TACUAR\u00cd", "R\u00cdO DE LA PLATA entre Ao. Pando y Ao. Sol\u00eds Gde.", 
"R\u00cdO SANTA LUC\u00cdA hasta R\u00edo Santa Luc\u00eda Chico", 
"R\u00cdO DE LA PLATA entre Ao. Pando y Ao. Sol\u00eds Gde.", 
"LAGUNA MER\u00cdN entre R\u00edo Tacuar\u00ed y R\u00edo Cebollat\u00ed", 
"R\u00cdO TACUAR\u00cd", "R\u00cdO DE LA PLATA entre R\u00edo Rosario y R\u00edo Santa Luc\u00eda", 
"R\u00cdO SANTA LUC\u00cdA hasta R\u00edo Santa Luc\u00eda Chico", 
"R\u00cdO SANTA LUC\u00cdA entre Ao. Canel\u00f3n Gde. y R\u00edo San Jos\u00e9", 
"R\u00cdO SANTA LUC\u00cdA hasta R\u00edo Santa Luc\u00eda Chico", 
"R\u00cdO SANTA LUC\u00cdA hasta R\u00edo Santa Luc\u00eda Chico", 
"R\u00cdO SANTA LUC\u00cdA CHICO", "R\u00cdO SANTA LUC\u00cdA CHICO", 
"OC\u00c9ANO ATL\u00c1NTICO entre Ao. Valizas y Ao. Chuy", 
"R\u00cdO QUEGUAY GRANDE", "R\u00cdO QUEGUAY GRANDE", "R\u00cdO SANTA LUC\u00cdA CHICO", 
"Ao. COLORADO", "R\u00cdO TACUAR\u00cd", "R\u00cdO TACUAR\u00cd", 
"R\u00cdO OLIMAR GRANDE", "R\u00cdO SANTA LUC\u00cdA entre Ao. Colorado y R\u00edo de la Plata", 
"R\u00cdO URUGUAY entre R\u00edo Negro y R\u00edo de la Plata", 
"R\u00cdO TACUAREMB\u00d3 (53)", "R\u00cdO TACUAREMB\u00d3 (53)", 
"Ao. TACUAREMB\u00d3 CHICO", "Ao. TACUAREMB\u00d3 CHICO", "R\u00cdO ROSARIO", 
"R\u00cdO TACUAREMB\u00d3 (51)", "R\u00cdO NEGRO entre Ric\u00f3n de Palmar y R\u00edo Uruguay", 
"R\u00cdO ROSARIO", "R\u00cdO NEGRO entre Ric\u00f3n de Palmar y R\u00edo Uruguay", 
"R\u00cdO NEGRO entre Ric\u00f3n de Palmar y R\u00edo Uruguay", 
"R\u00cdO NEGRO entre Ric\u00f3n de Palmar y R\u00edo Uruguay", 
