sia_param_unidad <- 
structure(list(id = c(3109L, 3110L, 2389L, 2390L, 2391L, 2392L, 
2393L, 2394L, 2395L, 2396L, 2397L, 2398L, 2399L, 2400L, 2401L, 
2402L, 2403L, 2404L, 2405L, 2406L, 2407L, 2408L, 2409L, 2410L, 
2411L, 2412L, 2413L, 2414L, 2415L, 2416L, 2417L, 2418L, 2419L, 
2420L, 2421L, 2422L, 2423L, 2424L, 2425L, 2426L, 2427L, 2428L, 
2429L, 2430L, 2431L, 2432L, 2433L, 2434L, 2435L, 2436L, 2437L, 
2438L, 2439L, 2440L, 2441L, 2442L, 2443L, 2444L, 2445L, 2446L, 
2447L, 2448L, 2449L, 2450L, 2451L, 2452L, 2453L, 2454L, 2455L, 
2456L, 2457L, 2458L, 2459L, 2460L, 2461L, 2462L, 2463L, 2464L, 
2465L, 2466L, 2467L, 2468L, 2469L, 2470L, 2471L, 2472L, 2473L, 
2474L, 2475L, 2476L, 2477L, 2478L, 2479L, 2480L, 2481L, 2482L, 
2483L, 2484L, 2485L, 2486L, 2487L, 2488L, 2489L, 2490L, 2491L, 
2492L, 2493L, 2494L, 2495L, 2496L, 2497L, 2498L, 2499L, 2500L, 
2501L, 2502L, 2503L, 2504L, 2505L, 2506L, 2507L, 2508L, 2509L, 
2510L, 2511L, 2512L, 2513L, 2514L, 2515L, 2516L, 2517L, 2518L, 
2519L, 2520L, 2521L, 2522L, 2523L, 2524L, 2525L, 2526L, 2527L, 
2528L, 2529L, 2530L, 2531L, 2532L, 2533L, 2534L, 2535L, 2536L, 
2537L, 2538L, 2539L, 2540L, 2541L, 2542L, 2543L, 2544L, 2545L, 
2546L, 2547L, 2548L, 2549L, 2550L, 2383L, 133L, 2551L, 2552L, 
2553L, 2554L, 2555L, 2556L, 2557L, 2558L, 2559L, 2560L, 2561L, 
2562L, 2563L, 2564L, 2565L, 2566L, 2567L, 2568L, 2569L, 2570L, 
2571L, 2572L, 2573L, 2574L, 2575L, 2576L, 2577L, 2578L, 2579L, 
2580L, 2581L, 2582L, 2583L, 2584L, 2585L, 2586L, 2587L, 2588L, 
2589L, 2590L, 2591L, 2592L, 2593L, 2594L, 2595L, 2596L, 2597L, 
2598L, 2599L, 2600L, 2601L, 2602L, 2603L, 2604L, 2605L, 2606L, 
2607L, 2608L, 2609L, 2610L, 2611L, 2612L, 2613L, 2614L, 2615L, 
2616L, 2617L, 2618L, 2619L, 2620L, 2621L, 2622L, 2623L, 2624L, 
2625L, 2626L, 2627L, 2628L, 2629L, 2630L, 2631L, 2632L, 2633L, 
2634L, 2635L, 2636L, 2637L, 2638L, 2639L, 2640L, 2641L, 2642L, 
2643L, 2644L, 2645L, 2646L, 2647L, 2648L, 2649L, 2650L, 2651L, 
2652L, 2653L, 2654L, 2655L, 2656L, 2657L, 2658L, 2659L, 2660L, 
2661L, 2662L, 2663L, 2664L, 2665L, 2666L, 2667L, 2668L, 2669L, 
2670L, 2671L, 2672L, 2673L, 2674L, 2675L, 2676L, 2677L, 2678L, 
2679L, 2680L, 2681L, 2682L, 2683L, 2684L, 2685L, 2686L, 2687L, 
2688L, 2689L, 2690L, 2691L, 2692L, 2693L, 2694L, 2695L, 2696L, 
2697L, 2698L, 2699L, 2700L, 2701L, 2702L, 2703L, 2704L, 2705L, 
2706L, 2707L, 2708L, 2709L, 2710L, 2711L, 2712L, 2713L, 2714L, 
2715L, 2716L, 2717L, 2718L, 2719L, 2720L, 2721L, 2722L, 2723L, 
2724L, 2725L, 2726L, 2727L, 2728L, 2729L, 2730L, 2731L, 2732L, 
2733L, 2734L, 2735L, 2736L, 2737L, 2738L, 2739L, 2740L, 2741L, 
2742L, 2743L, 2744L, 2745L, 2746L, 2747L, 2748L, 2749L, 2750L, 
2751L, 2752L, 2753L, 2754L, 2755L, 2756L, 2757L, 2758L, 2759L, 
2760L, 2761L, 2762L, 2763L, 2764L, 2765L, 2766L, 2767L, 2768L, 
2769L, 2770L, 2771L, 2772L, 2773L, 2774L, 2775L, 2776L, 2777L, 
2778L, 2779L, 2780L, 2781L, 2782L, 2783L, 2784L, 2785L, 2786L, 
2787L, 2788L, 2789L, 2790L, 2791L, 2792L, 2793L, 2794L, 2795L, 
2796L, 2797L, 2798L, 2799L, 2800L, 2801L, 2802L, 2803L, 2804L, 
2805L, 2806L, 2807L, 2808L, 2809L, 2810L, 2811L, 2812L, 2813L, 
2814L, 2815L, 2816L, 2817L, 2818L, 2819L, 2820L, 2821L, 2822L, 
2823L, 2824L, 2825L, 2826L, 2827L, 2828L, 2829L, 2830L, 2831L, 
2832L, 2833L, 2834L, 2835L, 2836L, 2837L, 2838L, 2839L, 2840L, 
2841L, 2845L, 2846L, 2847L, 2848L, 2849L, 2850L, 2851L, 2852L, 
2853L, 2854L, 2855L, 2856L, 2857L, 2858L, 2859L, 2860L, 2861L, 
2862L, 2863L, 2864L, 2865L, 2866L, 2867L, 2868L, 2869L, 2870L, 
2871L, 2872L, 2873L, 2874L, 2875L, 2876L, 2877L, 2878L, 2879L, 
2880L, 2881L, 2882L, 2883L, 2884L, 2885L, 2886L, 2887L, 2888L, 
2889L, 2890L, 2891L, 2892L, 2893L, 2894L, 2895L, 2896L, 2897L, 
2898L, 2899L, 2900L, 2901L, 2902L, 2903L, 2904L, 2905L, 2906L, 
2907L, 2908L, 2909L, 2910L, 2911L, 2912L, 2913L, 2914L, 2915L, 
2916L, 2917L, 2918L, 2919L, 2920L, 2921L, 2922L, 2923L, 2924L, 
2925L, 2926L, 2927L, 2928L, 2929L, 2930L, 2931L, 2932L, 2933L, 
2934L, 2935L, 2936L, 2937L, 2938L, 2939L, 2940L, 2941L, 2942L, 
2943L, 2944L, 2945L, 2946L, 2947L, 2948L, 2949L, 2950L, 2951L, 
2952L, 2953L, 2954L, 2955L, 2956L, 2957L, 2958L, 2959L, 2960L, 
2961L, 2962L, 2963L, 2964L, 2965L, 2966L, 2967L, 2968L, 2969L, 
2970L, 2971L, 2972L, 2973L, 2974L, 2975L, 2976L, 2977L, 2978L, 
2979L, 2980L, 2981L, 2982L, 2983L, 2984L, 2985L, 2986L, 2987L, 
2988L, 2989L, 2990L, 2991L, 2992L, 2993L, 2994L, 2995L, 2996L, 
2997L, 2998L, 2999L, 3000L, 3001L, 3002L, 3003L, 3004L, 3005L, 
3006L, 3007L, 3008L, 3009L, 3010L, 3011L, 3012L, 3013L, 3014L, 
3015L, 3016L, 3017L, 3018L, 3019L, 3020L, 3021L, 3022L, 3023L, 
3024L, 3025L, 3026L, 3027L, 3028L, 3029L, 3030L, 3031L, 3032L, 
3033L, 3034L, 3035L, 3036L, 3037L, 3038L, 3039L, 3040L, 3041L, 
3042L, 3043L, 3044L, 3045L, 3046L, 3047L, 3048L, 3049L, 3050L, 
3051L, 3052L, 3053L, 3054L, 3055L, 3056L, 3057L, 3058L, 3059L, 
3060L, 3061L, 3062L, 3063L, 3064L, 3065L, 3066L, 3067L, 3068L, 
3069L, 3070L, 3071L, 3072L, 3073L, 3074L, 3075L, 3076L, 3077L, 
3078L, 3079L, 3080L, 3081L, 3082L, 3083L, 3084L, 3085L, 3086L, 
3087L, 3088L, 3089L, 3090L, 3091L, 3092L, 3093L, 3094L, 3095L, 
3096L, 3097L, 3098L, 3099L, 3100L, 3101L, 3102L, 3103L, 3104L, 
3105L, 3106L, 3107L, 3108L, 184L, 210L, 212L, 226L, 228L, 230L, 
232L, 234L, 236L, 238L, 240L, 242L, 244L, 246L, 264L, 267L, 282L, 
283L, 284L, 285L, 2000L, 2001L, 2002L, 2004L, 2006L, 2008L, 2009L, 
2010L, 2011L, 2012L, 2013L, 2020L, 2021L, 2023L, 2024L, 2025L, 
2026L, 2027L, 2028L, 2029L, 2030L, 2031L, 2032L, 2033L, 2034L, 
2035L, 2036L, 2038L, 2039L, 2040L, 2043L, 2044L, 2047L, 2048L, 
2051L, 2052L, 2055L, 2056L, 2059L, 2060L, 2063L, 2064L, 2067L, 
2068L, 2071L, 2072L, 2075L, 2076L, 2079L, 2080L, 2083L, 2084L, 
2087L, 2088L, 2091L, 2092L, 2095L, 2096L, 2099L, 2100L, 2103L, 
2104L, 2107L, 2108L, 2111L, 2112L, 2115L, 2116L, 2119L, 2120L, 
2123L, 2124L, 2127L, 2128L, 2131L, 2132L, 2135L, 2136L, 2139L, 
2140L, 2143L, 2144L, 2147L, 2148L, 2149L, 2150L, 2151L, 2152L, 
2154L, 2155L, 2157L, 2158L, 2159L, 2160L, 2161L, 2162L, 2163L, 
2164L, 2167L, 2169L, 2170L, 2171L, 2172L, 2173L, 2174L, 2175L, 
2176L, 2177L, 2178L, 2179L, 2180L, 2181L, 2182L, 2183L, 2184L, 
2186L, 2188L, 2190L, 2192L, 2194L, 2196L, 2198L, 2200L, 2202L, 
2204L, 2206L, 2208L, 2210L, 2212L, 2216L, 2218L, 2220L, 2222L, 
2224L, 2226L, 2228L, 2230L, 2232L, 2234L, 2236L, 2238L, 2240L, 
2242L, 2244L, 2246L, 2248L, 2250L, 2252L, 2254L, 2256L, 2258L, 
2260L, 2262L, 2264L, 2266L, 2268L, 2270L, 2272L, 2274L, 2276L, 
2278L, 2280L, 2282L, 2284L, 2285L, 2286L, 2287L, 2289L, 2291L, 
2293L, 2295L, 2297L, 2299L, 2301L, 2303L, 2305L, 2307L, 2309L, 
2311L, 2153L, 2313L, 2315L, 2317L, 2319L, 2321L, 2323L, 2325L, 
2327L, 2329L, 2331L, 2333L, 2335L, 2337L, 2339L, 2341L, 2343L, 
2345L, 2347L, 2349L, 2351L, 2353L, 2355L, 2357L, 2359L, 2361L, 
2363L, 2364L, 2365L, 2366L, 2367L, 2368L, 2370L, 2372L, 2374L, 
2376L, 2377L, 2381L, 2382L, 134L, 185L, 211L, 213L, 227L, 229L, 
231L, 233L, 235L, 237L, 239L, 241L, 243L, 245L, 247L, 250L, 253L, 
2003L, 2005L, 2007L, 2014L, 2015L, 2022L, 2042L, 2046L, 2050L, 
2054L, 2058L, 2062L, 2066L, 2070L, 2074L, 2078L, 2082L, 2086L, 
2090L, 2094L, 2098L, 2102L, 2106L, 2110L, 2114L, 2118L, 2122L, 
2126L, 2130L, 2134L, 2138L, 2142L, 2146L, 2156L, 2185L, 2187L, 
2189L, 2191L, 2193L, 2195L, 2197L, 2199L, 2201L, 2203L, 2205L, 
2207L, 2209L, 2211L, 2213L, 2217L, 2219L, 2221L, 2223L, 2225L, 
2227L, 2229L, 2231L, 2233L, 2235L, 2237L, 2239L, 2241L, 2243L, 
2245L, 2247L, 2249L, 2251L, 2253L, 2255L, 2257L, 2259L, 2261L, 
2263L, 2265L, 2267L, 2269L, 2271L, 2273L, 2275L, 2277L, 2279L, 
2281L, 2283L, 2288L, 2290L, 2292L, 2294L, 2296L, 2298L, 2300L, 
2302L, 2304L, 2306L, 2308L, 2310L, 2312L, 2314L, 2316L, 2318L, 
2320L, 2322L, 2324L, 2326L, 2328L, 2330L, 2332L, 2334L, 2336L, 
2338L, 2340L, 2342L, 2344L, 2346L, 2348L, 2350L, 2352L, 2354L, 
2356L, 2358L, 2360L, 2362L, 2369L, 2371L, 2373L, 2375L, 2384L, 
2385L, 2386L, 2016L, 2017L, 2018L, 2019L, 2037L, 2041L, 2045L, 
2049L, 2053L, 2057L, 2061L, 2065L, 2069L, 2073L, 2077L, 2081L, 
