# @ t_eti_base -----
t_eti_base <-
  structure(list(id_parametro = c(
    2145L, 2000L, 301L, 300L, 302L, 303L, 2212L, 115L, 116L, 117L, 118L, 119L,
    120L, 121L, 122L, 135L, 138L, 2238L, 2190L, 2116L, 2117L, 2118L, 2119L, 2120L,
    2121L, 2122L, 2123L, 2124L, 2125L, 2126L, 2127L, 2128L, 2129L, 2130L, 2131L,
    2132L, 2133L, 2134L, 2135L, 2136L, 2137L, 2138L, 2139L, 2141L, 2142L, 2143L,
    2144L, 2147L, 2149L, 2150L, 2151L, 2152L, 2153L, 2154L, 2155L, 2156L, 2157L,
    2158L, 2159L, 2160L, 2161L, 2162L, 2163L, 2164L, 2165L, 2166L, 2167L, 2168L,
    2169L, 2170L, 2171L, 2172L, 2173L, 2174L, 2175L, 2176L, 2177L, 2178L, 2179L,
    2180L, 2181L, 2182L, 2183L, 2184L, 2185L, 2186L, 2187L, 2188L, 2189L, 65L,
    91L, 104L, 105L, 112L, 113L, 114L, 2001L, 2002L, 2003L, 2004L, 2005L, 2006L,
    2007L, 2008L, 2009L, 2010L, 2209L, 2211L, 2017L, 2018L, 2019L, 2020L, 2021L,
    2022L, 2023L, 2024L, 2025L, 2026L, 2027L, 2028L, 2029L, 2030L, 2031L, 2034L,
    2035L, 2036L, 2037L, 2038L, 2039L, 2041L, 2042L, 2043L, 2044L, 2045L, 2046L,
    2047L, 2048L, 2049L, 2050L, 2051L, 2052L, 2053L, 2054L, 2055L, 2056L, 2057L,
    2058L, 2059L, 2060L, 2061L, 2062L, 2063L, 2064L, 2065L, 2066L, 2067L, 2068L,
    2069L, 2070L, 2071L, 2072L, 2073L, 2074L, 2075L, 2076L, 2077L, 2078L, 2079L,
    2080L, 2081L, 2082L, 2083L, 2084L, 2085L, 2086L, 2087L, 2088L, 2089L, 2090L,
    2091L, 2092L, 2093L, 2094L, 2096L, 2097L, 2098L, 2099L, 2100L, 2102L, 2103L,
    2104L, 2105L, 2108L, 2110L, 2111L, 2112L, 2113L, 2114L, 2115L, 2191L, 2195L,
    2198L, 2199L, 2201L, 2202L, 2203L, 2204L, 2205L, 2206L, 2207L, 2208L, 2210L,
    2095L, 2040L, 2213L, 2214L, 2215L, 2193L, 2197L, 2196L, 2216L, 2217L, 2218L,
    2219L, 2220L, 2221L, 2222L, 2223L, 2224L, 2225L, 2226L, 2227L, 2228L, 2232L,
    2233L, 2192L, 2194L, 2236L, 2237L, 2200L, 2250L, 2249L, 2248L, 2247L, 2101L,
    2032L, 2251L, 2252L, 2253L, 2254L, 2255L, 2256L, 2257L, 2258L, 2259L, 2260L,
    2261L, 2262L, 2263L, 2264L, 2266L, 2267L, 2268L, 2269L, 2275L, 2276L, 2277L,
    2279L, 2280L, 2284L, 2285L, 2288L, 2294L, 2295L, 2296L, 2297L, 2298L, 2299L,
    2300L, 2301L, 2302L, 2303L, 2304L, 2305L, 2306L, 2307L, 2308L, 2309L, 2310L,
    2311L, 2312L, 2313L, 2314L, 2315L, 2316L, 2317L, 2318L, 2319L, 2320L, 2321L,
    2322L, 2323L),
    etiqueta = c(
      "AOX (\u00b5g/L)", "Clo_a (\u00b5g/L)", "cl_a2 (unidad de color)",
      "Fico (unidad de color)", "std val a (NO APLICA)",
      "std val b (NO APLICA)", "Prm_c (\u00b5g/L)", "tr_cb (ng/L)",
      "te_cb (ng/L)", "pe_cb (ng/L)", "hx_cb (ng/L)", "hp_cb (ng/L)",
      "oc_cb (ng/L)", "no_cb (ng/L)", "de_cb (ng/L)", "dureza_t_m (mg CaCO3/L)",
      "b_a_per (\u00b5g/L)", "AMPA (\u00b5g/L)", "Ald (\u00b5g/L)",
      "EnterocSD (NMP/100mL)", "Ecoli_MF (ufc/100ml)", "Ecoli_SD (NMP/100mL)",
      "EstFec (ufc/100ml)", "EstreptofecTM (NMP/100mL)", "Hng (ufc/100ml)",
      "Paer (ufc/100ml)", "PseudomTM (NMP/100mL)", "Slm (NMP/100mL)",
      "PCB105 (ng/L)", "PCB114 (ng/L)", "PCB118 (ng/L)", "PCB123 (ng/L)",
      "PCB126 (ng/L)", "PCB156 (ng/L)", "PCB157 (ng/L)", "PCB167 (ng/L)",
      "PCB169 (ng/L)", "PCB189 (ng/L)", "PCB77 (ng/L)", "PCB81 (ng/L)",
      "PCB28 (ng/L)", "PCB52 (ng/L)", "PCB101 (ng/L)", "PCB138 (ng/L)",
      "PCB153 (ng/L)", "PCB180 (ng/L)", "PCBT (ng/L)", "POX (\u00b5g/L)",
      "HpCDD (pg/L)", "HxCDD (pg/L)", "OCDD (pg/L)", "PCDD (pg/L)",
      "PeCDD (pg/L)", "TCDD (pg/L)", "HpCDF (pg/L)", "HxCDF (pg/L)",
      "OCDF (pg/L)", "PCDF (pg/L)", "PeCDF (pg/L)", "TCDF (pg/L)",
      "Fnn (\u00b5g/L)", "Flr (\u00b5g/L)", "Flno (\u00b5g/L)",
      "Nfta (\u00b5g/L)", "Prn (\u00b5g/L)", "DiBnzAnt (\u00b5g/L)",
      "Crs (\u00b5g/L)", "Bnz_a_Ant (\u00b5g/L)", "BnzPrn (\u00b5g/L)",
      "BnzFlr_bj (\u00b5g/L)", "BnzFlr_k (\u00b5g/L)", "BnzPrl (\u00b5g/L)",
      "Acf (\u00b5g/L)", "Acl (\u00b5g/L)", "Ant (\u00b5g/L)",
      "Ind (\u00b5g/L)", "Nnf (\u00b5g/L)", "NnfDiEtx (\u00b5g/L)",
      "NnfMoEtx (\u00b5g/L)",
      "CCl4 (\u00b5g/L)", "CCl3 (\u00b5g/L)", "Mln (\u00b5g/L)",
      "Glf (\u00b5g/L)", "Prp (\u00b5g/L)", "Smzn (\u00b5g/L)",
      "Trf (\u00b5g/L)", "24D (\u00b5g/L)", "245T (\u00b5g/L)",
      "245TP (\u00b5g/L)", "s_hid_ar (\u00b5g/L)",
      "p_cdd-f_wh (pg WHO-TEQs/L)", "s_pcb_diox (ng/L)",
      "pcb_diox (pg WHO-TEQs/L)", "s_pcb_m (ng/L)", "mo_cb (ng/L)",
      "di_cb (ng/L)", "Feo_a (\u00b5g/L)", "McyT (\u00b5g/L)",
      "Dmag (%)", "Vfish (%)", "AlcT (mg CaCO3/L)", "ClL (mg/L)",
      "ClT (mg/L)", "Color (unidad de color)", "Cond (\u00b5S/cm)",
      "DrzT (mg CaCO3/L)", "Et_Par (\u00b5g/L)", "Cpr (\u00b5g/L)",
      "OD (mg/L)", "pH (sin unid)", "PtnRdx (mV)", "Sal (psu)", "SatO (%)",
      "SDT (mg/L)", "SSed60 (mg/L)", "SSed10 (mg/L)", "SSF (mg/L)",
      "SST (mg/L)", "SSV (mg/L)", "STT (mg/L)", "STF (mg/L)", "STV (mg/L)",
      "MO (mg/L)", "Transp (cm)", "Turb (NTU)", "AlT (mg/L)", "AlS (mg/L)",
      "SbT (mg/L)", "SbS (mg/L)", "AsS (mg/L)", "BaT (mg/L)", "BaS (mg/L)",
      "BT (mg/L)", "BS (mg/L)", "CdT (mg/L)", "CdS (mg/L)", "CaT (mg/L)",
      "CaS (mg/L)", "CoT (mg/L)", "CoS (mg/L)", "CuT (mg/L)", "CuS (mg/L)",
      "CrT (mg/L)", "CrST (mg/L)", "Cr6T (mg/L)", "Cr6S (mg/L)", "SnT (mg/L)",
      "SnS (mg/L)", "FeT (mg/L)", "FeS (mg/L)", "MgT (mg/L)", "MgS (mg/L)",
      "MnT (mg/L)", "MnS (mg/L)", "HgT (mg/L)", "HgS (mg/L)", "MoT (mg/L)",
      "MoS (mg/L)", "NiT (mg/L)", "NiS (mg/L)", "AgT (mg/L)", "AgS (mg/L)",
      "PbT (mg/L)", "PbS (mg/L)", "KT (mg/L)", "KS (mg/L)", "SeT (mg/L)",
      "SeS (mg/L)", "SiT (mg/L)", "SiS (mg/L)", "NaT (mg/L)", "NaS (mg/L)",
      "TaT (mg/L)", "TaS (mg/L)", "VT (mg/L)", "VaS (mg/L)", "ZnT (mg/L)",
      "ZnS (mg/L)", "NH4 (mg NH4-N/L)", "NH3L (\u00b5g NH3-N/L)", "CNL (mg/L)",
      "CNT (mg/L)", "ClO4 (mg/L)", "F (mg/L)", "PO4 (\u00b5g PO4-P/L)",
      "PT (\u00b5g P/L)", "NO3 (mg NO3-N/L)", "NO3_NO2 (mg N/L)",
      "NT (mg N/L)", "NTK (mg N/L)", "SO4 (mg/L)", "S2 (mg/L)",
      "SiO2 (mg SiO2/L)", "BacHtr (ufc/100ml)", "ColiTrm_MF (ufc/100ml)",
      "ColiTrm_TM (NMP/100mL)", "ColiTot (ufc/100ml)", "ColifTTM (NMP/100mL)",
      "Ent (ufc/100ml)", "Clr (\u00b5g/L)", "Dld (\u00b5g/L)",
      "Ends_SO4 (\u00b5g/L)", "End (\u00b5g/L)", "HptClEpx (\u00b5g/L)",
      "HxClBnz (\u00b5g/L)", "Lnd (\u00b5g/L)", "MtCl (\u00b5g/L)",
      "Mrx (\u00b5g/L)", "Prq (\u00b5g/L)", "PCP (\u00b5g/L)",
      "Etn (\u00b5g/L)", "MtlPrt (\u00b5g/L)", "Cl (mg/L)", "AsT (mg/L)",
      "Pmt_t (\u00b5g/L)", "Atr (\u00b5g/L)", "DiClMet (\u00b5g/L)",
      "ppDDE (\u00b5g/L)", "Ends_b (\u00b5g/L)", "Ends_a (\u00b5g/L)",
      "Ace_Gra (mg/L)", "TOC (mg/L)", "DBO5 (mg O2/L)", "DBO5F (mg O2/L)",
      "DQO (mg O2/L)", "DQOF (mg O2/L)", "Dtr (mg/L)", "HCT (mg/L)",
      "HCArmT (\u00b5g/L)", "HCAlfT (\u00b5g/L)", "SstFnl (\u00b5g/L)",
      "MFln (sin unid)", "MSus (mg/L)", "Floracionalgal (sin unid)",
      "RAS (sin unid)", "ppDDD (\u00b5g/L)", "ppDDT (\u00b5g/L)",
      "SDF (mg/L)", "SDV (mg/L)", "HptCl (\u00b5g/L)", "Mltn (\u00b5g/L)",
      "Clr_t (\u00b5g/L)", "Clr_c (\u00b5g/L)", "Clorpirifos (\u00b5g/L)",
      "NO2 (mg NO2-N/L)", "Tem (\u00baC)", "o,p\'DDD (\u00b5g/L)",
      "o,p\'DDE (\u00b5g/L)", "opDDT (\u00b5g/L)", "Alclr (\u00b5g/L)",
      "Alfa cipermetrina (\u00b5g/L)", "Atrazina desetil (\u00b5g/L)",
      "Atrazina desisopropil (\u00b5g/L)", "Aztbna (\u00b5g/L)",
      "Clorpirifos Metil (\u00b5g/L)", "Dzn (\u00b5g/L)",
      "Diuron (\u00b5g/L)", "Fpn (\u00b5g/L)",
      "Fluroxipir meptil (\u00b5g/L)", "Trifloxiestrobina (\u00b5g/L)",
      "Bftna (\u00b5g/L)", "Carbendacima (\u00b5g/L)",
      "Ciproconazol (\u00b5g/L)", "Cltp (\u00b5g/L)", "Dmtna (\u00b5g/L)",
      "Diclosulam (\u00b5g/L)", "Epoxiconazol (\u00b5g/L)",
      "L_cltna (\u00b5g/L)", "Metidation (\u00b5g/L)",
      "Pirimifos_Metil (\u00b5g/L)", "Tebuconazol (\u00b5g/L)",
      "Tiametoxam (\u00b5g/L)", "Acetocloro (\u00b5g/L)",
      "Metoxifenocida (\u00b5g/L)", "Clorfenapir (\u00b5g/L)",
      "Diflubenzuron (\u00b5g/L)", "Flutriafol (\u00b5g/L)",
